01  0722 1646  0710 1719  0633 1753  0544 1825  0500 1856  0434 1924  0436 1933  0459 1914  0529 1831  0557 1742  0630 1658  0704 1636
02  0723 1647  0709 1720  0632 1754  0542 1826  0459 1857  0433 1924  0436 1933  0500 1913  0530 1830  0558 1741  0631 1656  0705 1636
03  0723 1647  0708 1722  0630 1755  0541 1827  0458 1858  0433 1925  0437 1933  0501 1912  0531 1828  0559 1739  0633 1655  0706 1635
04  0723 1648  0707 1723  0629 1756  0539 1828  0456 1859  0433 1926  0437 1933  0502 1910  0532 1826  0600 1737  0634 1654  0707 1635
05  0723 1649  0706 1724  0627 1757  0538 1829  0455 1900  0432 1926  0438 1932  0503 1909  0533 1825  0601 1736  0635 1653  0708 1635
06  0723 1650  0705 1725  0626 1758  0536 1830  0454 1901  0432 1927  0439 1932  0504 1908  0534 1823  0602 1734  0636 1652  0708 1635
07  0723 1651  0704 1726  0624 1800  0534 1831  0453 1902  0432 1928  0439 1932  0505 1907  0534 1822  0603 1733  0637 1651  0709 1635
08  0722 1652  0702 1728  0622 1801  0533 1832  0452 1903  0432 1928  0440 1931  0506 1906  0535 1820  0604 1731  0638 1650  0710 1635
09  0722 1653  0701 1729  0621 1802  0531 1833  0451 1904  0432 1929  0440 1931  0507 1904  0536 1818  0605 1729  0639 1649  0711 1635
10  0722 1654  0700 1730  0619 1803  0530 1834  0450 1905  0431 1929  0441 1931  0508 1903  0537 1817  0606 1728  0641 1648  0712 1635
11  0722 1655  0659 1731  0618 1804  0528 1835  0449 1906  0431 1930  0442 1930  0509 1902  0538 1815  0607 1726  0642 1647  0713 1636
12  0722 1656  0658 1732  0616 1805  0527 1837  0448 1907  0431 1930  0443 1930  0510 1901  0539 1813  0608 1725  0643 1646  0713 1636
13  0721 1657  0657 1734  0615 1806  0525 1838  0447 1908  0431 1931  0443 1929  0511 1859  0540 1812  0609 1723  0644 1646  0714 1636
14  0721 1658  0655 1735  0613 1807  0524 1839  0446 1909  0431 1931  0444 1929  0512 1858  0541 1810  0611 1722  0645 1645  0715 1636
15  0721 1659  0654 1736  0611 1808  0522 1840  0445 1909  0431 1931  0445 1928  0513 1857  0542 1808  0612 1720  0646 1644  0716 1636
16  0720 1700  0653 1737  0610 1809  0521 1841  0444 1910  0431 1932  0446 1927  0514 1855  0543 1807  0613 1719  0647 1643  0716 1637
17  0720 1702  0652 1738  0608 1810  0519 1842  0443 1911  0431 1932  0446 1927  0515 1854  0544 1805  0614 1717  0649 1642  0717 1637
18  0719 1703  0650 1739  0607 1811  0518 1843  0442 1912  0432 1932  0447 1926  0516 1852  0545 1804  0615 1716  0650 1642  0718 1638
19  0719 1704  0649 1741  0605 1812  0516 1844  0442 1913  0432 1933  0448 1925  0516 1851  0546 1802  0616 1715  0651 1641  0718 1638
20  0718 1705  0648 1742  0603 1813  0515 1845  0441 1914  0432 1933  0449 1925  0517 1850  0547 1800  0617 1713  0652 1640  0719 1638
21  0718 1706  0646 1743  0602 1814  0513 1846  0440 1915  0432 1933  0450 1924  0518 1848  0548 1759  0618 1712  0653 1640  0719 1639
22  0717 1707  0645 1744  0600 1815  0512 1847  0439 1916  0432 1933  0451 1923  0519 1847  0549 1757  0619 1710  0654 1639  0720 1639
23  0717 1708  0643 1745  0558 1816  0511 1848  0439 1917  0433 1933  0451 1922  0520 1845  0550 1755  0620 1709  0655 1639  0720 1640
24  0716 1710  0642 1746  0557 1817  0509 1849  0438 1918  0433 1933  0452 1921  0521 1844  0551 1754  0621 1708  0656 1638  0720 1641
25  0715 1711  0641 1747  0555 1818  0508 1850  0437 1918  0433 1933  0453 1921  0522 1842  0552 1752  0622 1706  0657 1638  0721 1641
26  0715 1712  0639 1749  0554 1819  0507 1851  0437 1919  0434 1934  0454 1920  0523 1841  0552 1750  0623 1705  0659 1637  0721 1642
27  0714 1713  0638 1750  0552 1820  0505 1852  0436 1920  0434 1934  0455 1919  0524 1839  0553 1749  0625 1704  0700 1637  0722 1643
28  0713 1714  0636 1751  0550 1821  0504 1853  0436 1921  0434 1934  0456 1918  0525 1838  0554 1747  0626 1702  0701 1637  0722 1643
29  0712 1716  0635 1752  0549 1822  0503 1854  0435 1922  0435 1933  0457 1917  0526 1836  0555 1745  0627 1701  0702 1636  0722 1644
30  0711 1717             0547 1823  0501 1855  0435 1922  0435 1933  0458 1916  0527 1834  0556 1744  0628 1700  0703 1636  0722 1645
31  0710 1718             0545 1824             0434 1923             0459 1915  0528 1833             0629 1659             0722 1646
